50
0.466
100
3.989
200
31.322
400
229.07
800
1839.722
1600
15031.329
3200
121054.232
4000
236312.57
50
0.449
100
3.704
200
30.604
400
230.514
800
1838.692
1600
15025.833
3200
120924.094
4000
236000.518
50
0.449
100
3.68
200
30.566
400
228.9160000000001
800
1833.516
1600
15041.762
3200
121106.841
4000
236453.698
50
0.449
100
3.652
200
31.261
400
230.235
800
1833.717
1600
15037.441
3200
121049.307
4000
236403.211
50
0.448
100
3.666
200
30.737
400
230.209
800
1855.299
1600
15051.353
3200
120959.93
4000
236094.687
50
1.977
100
16.061
200
55.918
400
265.134
800
2167.773
1600
17346.576
3200
12567013.656
4000
246476.039
50
0.485
100
3.922
200
30.564
400
238.536
800
1912.309
1600
15657.66
3200
126104.633
50
1.701
100
13.355
200
55.683
400
293.519
800
2343.603
1600
18564.672
3200
159991.214
4000
308128.682
50
0.5580000000000001
100
4.422
200
40.812
400
287.091
800
2463.822
1600
19425.655
3200
155732.684
